KPL/SCLK
\begindata
SCLK_KERNEL_ID           = ( @1957-01-01/00:00:00.0 )
SCLK_DATA_TYPE_1785        = ( 1 )
SCLK01_TIME_SYSTEM_1785    = ( 1 )
SCLK01_N_FIELDS_1785       = ( 2 )
SCLK01_MODULI_1785         = ( 4294967296 65536 )
SCLK01_OFFSETS_1785        = ( 0 0 )
SCLK01_OUTPUT_DELIM_1785   = ( 2 )
SCLK_PARTITION_START_1785  = ( 0.0000000000000E+00 )
SCLK_PARTITION_END_1785    = ( 2.8147497671065E+14 )
SCLK01_COEFFICIENTS_1785   = ( 0.0000000000000E+00     -1.3569552000000E+09     1.0000000000000E+00 )
\begintext
