KPL/SCLK
\begindata
SCLK_KERNEL_ID           = ( @1957-01-01/00:00:00.0 )
SCLK_DATA_TYPE_172        = ( 1 )
SCLK01_TIME_SYSTEM_172    = ( 1 )
SCLK01_N_FIELDS_172       = ( 2 )
SCLK01_MODULI_172         = ( 4294967296 65536 )
SCLK01_OFFSETS_172        = ( 0 0 )
SCLK01_OUTPUT_DELIM_172   = ( 2 )
SCLK_PARTITION_START_172  = ( 0.0000000000000E+00 )
SCLK_PARTITION_END_172    = ( 2.8147497671065E+14 )
SCLK01_COEFFICIENTS_172   = ( 0.0000000000000E+00     -1.3569552000000E+09     1.0000000000000E+00 )
\begintext
